Hubei 24953 30.593,114.306
Guangdong 1095 23.017,113.117
Zhejiang 1048 29.142,119.789
Henan 981 34.670,112.442
Hunan 803 29.117,110.479
Anhui 733 30.601,117.924
Jiangxi 698 28.683,115.883
Jiangsu 439 33.140,119.789
Chongqing 428 29.432,106.912
Shandong 416 36.783,118.050
Sichuan 364 30.264,102.806
Beijing 315 40.237,116.231
Heilongjiang 295 47.122,128.738
Shanghai 286 31.219,121.446
Fujian 239 26.484,117.925
Hebei 195 37.896,114.904
Shaanxi 195 35.394,109.188
Shaanxi 104 40.083,113.300
Guangxi 183 23.725,108.808
Yunnan 138 24.475,101.343
Hainan 124 19.566,109.95
Liaoning 105 41.116,122.983
Guizhou 89 25.092,104.895
Tianjin 88 39.343,117.36
Gansu 79 35.752,104.286
Jilin 69 43.152,126.437
InnerMongolia 52 40.650,109.833
Ningxia 45 37.199,106.158
Xinjiang 42 42.525,87.540
Qinghai 18 35.745,96.408
Taiwan 17 23.698,120.961
Xizang 1 30.153,88.788